0.0,909.5,783.5,1074.0,127.0,213.5,213.0,140.5,1034.0,149.0,960.5,837.0,1027.0,122.0,764.5,155.5,903.5,212.0,139.0,1001.5,167.5,134.0,207.0,143.5,823.5,973.0,914.5,889.5,914.0,999.0,274.0,663.0,202.0,784.5,930.0,175.0,685.0,147.0,993.5,977.0
909.5,0.0,515.5,732.0,872.5,1032.5,1028.5,949.5,264.0,927.5,245.5,444.0,1041.0,918.5,231.0,934.5,704.0,888.5,942.0,302.0,956.0,901.5,1026.0,955.0,562.5,307.5,928.5,215.5,505.0,287.5,1096.0,526.0,1004.5,322.0,212.0,974.0,525.5,862.5,571.0,676.5
783.5,515.5,0.0,400.5,759.0,890.5,877.5,817.0,664.0,807.0,617.0,216.5,1141.0,783.0,552.0,781.5,359.0,846.5,791.5,542.0,815.0,772.0,869.5,825.0,263.0,598.0,1028.5,524.0,245.5,575.0,925.0,311.0,859.5,550.5,555.0,825.5,281.5,747.0,299.0,318.5
1074.0,732.0,400.5,0.0,1054.5,1143.5,1123.5,1085.5,851.5,1097.5,836.0,440.5,1443.0,1064.0,808.0,1042.0,322.5,1075.0,1062.5,778.0,1084.0,1043.5,1116.0,1095.5,391.0,826.0,1330.5,740.0,424.0,801.5,1148.0,505.5,1115.0,802.5,798.5,1087.0,489.0,1014.0,308.5,281.5
127.0,872.5,759.0,1054.5,0.0,219.5,227.5,162.0,991.0,151.0,916.5,804.0,984.0,155.0,726.5,177.5,877.0,219.0,151.0,968.5,184.0,141.0,240.5,159.5,786.5,932.5,871.5,855.5,884.5,963.0,301.0,641.5,229.5,741.5,890.5,199.5,660.5,145.5,969.0,953.0
213.5,1032.5,890.5,1143.5,219.5,0.0,190.5,207.0,1147.5,178.5,1075.5,915.0,1149.5,204.5,878.5,197.0,968.0,292.5,192.0,1112.5,192.5,218.0,183.0,170.5,905.0,1081.0,1037.0,1003.0,1021.5,1114.0,199.0,756.5,209.5,901.0,1043.5,168.5,753.5,266.5,1094.5,1035.5
213.0,1028.5,877.5,1123.5,227.5,190.5,0.0,177.5,1151.5,203.5,1078.5,927.0,1140.5,186.5,885.5,198.0,963.5,289.5,191.0,1116.5,185.5,217.5,159.5,168.5,886.0,1093.5,1028.0,1010.0,992.5,1117.5,189.0,765.0,158.5,899.5,1047.5,154.0,750.0,265.0,1070.5,1045.0
140.5,949.5,817.0,1085.5,162.0,207.0,177.5,0.0,1070.5,153.5,995.5,874.0,1062.0,124.5,804.5,171.5,921.5,218.0,143.5,1042.5,156.0,139.5,178.0,140.5,843.0,1008.5,949.5,927.5,943.5,1042.0,252.5,698.0,169.0,821.0,968.0,150.5,699.0,176.5,1013.0,993.0
1034.0,264.0,664.0,851.5,991.0,1147.5,1151.5,1070.5,0.0,1046.0,184.5,577.5,1105.5,1045.5,359.5,1051.0,830.0,974.5,1066.5,320.5,1065.5,1022.5,1150.0,1080.0,692.0,304.5,993.0,340.5,638.0,269.5,1218.5,669.5,1129.0,369.5,224.5,1097.0,652.0,965.0,695.0,805.0
149.0,927.5,807.0,1097.5,151.0,178.5,203.5,153.5,1046.0,0.0,973.0,855.0,1042.5,129.0,777.0,153.0,929.0,247.5,155.5,1014.5,174.5,171.0,199.5,158.5,839.5,982.0,930.0,902.0,933.5,1010.0,268.5,679.0,192.0,796.5,942.5,167.0,701.5,203.5,1018.5,997.0
960.5,245.5,617.0,836.0,916.5,1075.5,1078.5,995.5,184.5,973.0,0.0,560.5,1062.5,969.5,298.5,977.5,799.5,909.5,991.0,313.0,990.0,949.0,1074.0,1006.5,646.5,255.0,950.0,331.0,622.5,280.5,1142.0,619.5,1051.5,332.0,224.0,1020.5,606.0,891.0,678.0,775.0
837.0,444.0,216.5,440.5,804.0,915.0,927.0,874.0,577.5,855.0,560.5,0.0,1176.5,839.5,480.5,832.0,382.0,878.5,846.5,517.5,865.0,819.0,917.5,864.5,280.5,543.0,1064.0,439.0,276.5,532.5,967.5,354.0,919.0,547.5,510.0,870.0,282.5,791.5,330.0,330.5
1027.0,1041.0,1141.0,1443.0,984.0,1149.5,1140.5,1062.0,1105.5,1042.5,1062.5,1176.5,0.0,1038.5,898.0,1047.5,1313.0,920.5,1060.5,1150.0,1034.0,1015.0,1145.0,1069.0,1151.5,1119.0,211.5,1055.5,1223.0,1155.0,1211.5,1017.5,1116.5,876.5,998.5,1088.5,1066.0,928.5,1310.0,1379.0
122.0,918.5,783.0,1064.0,155.0,204.5,186.5,124.5,1045.5,129.0,969.5,839.5,1038.5,0.0,770.0,128.5,901.5,236.5,115.5,1007.5,159.0,133.0,189.5,146.0,818.5,978.5,926.0,894.5,911.0,1006.0,256.5,664.0,187.0,794.0,941.5,149.5,668.0,174.0,993.0,966.5
764.5,231.0,552.0,808.0,726.5,878.5,885.5,804.5,359.5,777.0,298.5,480.5,898.0,770.0,0.0,784.5,730.5,747.0,798.0,389.5,806.5,755.0,878.0,810.5,562.0,332.0,785.5,209.0,556.5,390.5,952.0,513.0,863.0,340.0,291.0,827.5,482.5,713.5,650.0,715.5
155.5,934.5,781.5,1042.0,177.5,197.0,198.0,171.5,1051.0,153.0,977.5,832.0,1047.5,128.5,784.5,0.0,879.5,246.0,144.5,1020.5,182.0,170.0,173.5,162.0,796.0,996.0,935.0,911.0,909.0,1020.5,239.5,650.5,172.0,804.0,948.0,151.0,658.5,194.5,986.0,947.0
903.5,704.0,359.0,322.5,877.0,968.0,963.5,921.5,830.0,929.0,799.5,382.0,1313.0,901.5,730.5,879.5,0.0,939.5,899.5,775.0,906.5,869.0,957.0,922.0,304.5,822.0,1200.5,672.5,404.0,810.5,974.5,409.5,958.5,755.0,774.5,918.0,394.0,851.0,357.0,264.0
212.0,888.5,846.5,1075.0,219.0,292.5,289.5,218.0,974.5,247.5,909.5,878.5,920.5,236.5,747.0,246.0,939.5,0.0,248.0,996.0,212.0,231.0,305.5,228.0,823.0,966.0,808.0,893.0,940.5,998.0,348.5,679.0,265.0,734.5,868.5,264.5,748.0,161.0,1012.0,1026.0
139.0,942.0,791.5,1062.5,151.0,192.0,191.0,143.5,1066.5,155.5,991.0,846.5,1060.5,115.5,798.0,144.5,899.5,248.0,0.0,1029.0,168.0,154.0,191.5,154.0,819.0,1001.5,948.0,919.0,922.0,1031.5,239.5,678.5,198.0,819.5,963.5,155.5,672.0,180.5,1006.5,962.0
1001.5,302.0,542.0,778.0,968.5,1112.5,1116.5,1042.5,320.5,1014.5,313.0,517.5,1150.0,1007.5,389.5,1020.5,775.0,996.0,1029.0,0.0,1049.0,993.0,1112.0,1048.5,602.5,257.5,1037.5,374.0,529.5,195.0,1173.5,608.5,1094.0,339.5,291.5,1060.5,584.5,954.5,609.5,703.5
167.5,956.0,815.0,1084.0,184.0,192.5,185.5,156.0,1065.5,174.5,990.0,865.0,1034.0,159.0,806.5,182.0,906.5,212.0,168.0,1049.0,0.0,162.0,197.5,139.0,829.0,1013.5,921.5,942.0,946.0,1044.5,240.5,673.5,196.5,812.5,963.5,148.5,701.0,175.0,1014.0,991.0
134.0,901.5,772.0,1043.5,141.0,218.0,217.5,139.5,1022.5,171.0,949.0,819.0,1015.0,133.0,755.0,170.0,869.0,231.0,154.0,993.0,162.0,0.0,204.0,143.0,791.5,960.0,902.5,880.5,891.5,991.5,266.0,645.5,195.5,769.0,919.5,177.5,662.5,163.0,972.5,943.5
207.0,1026.0,869.5,1116.0,240.5,183.0,159.5,178.0,1150.0,199.5,1074.0,917.5,1145.0,189.5,878.0,173.5,957.0,305.5,191.5,1112.0,197.5,204.0,0.0,187.0,879.0,1080.5,1032.5,996.0,995.5,1115.0,196.0,738.5,145.0,900.5,1046.0,149.0,733.5,264.5,1068.0,1023.5
143.5,955.0,825.0,1095.5,159.5,170.5,168.5,140.5,1080.0,158.5,1006.5,864.5,1069.0,146.0,810.5,162.0,922.0,228.0,154.0,1048.5,139.0,143.0,187.0,0.0,848.5,1020.5,956.5,937.5,947.5,1043.5,233.5,707.0,191.0,824.0,974.5,149.5,708.5,195.5,1024.0,999.0
823.5,562.5,263.0,391.0,786.5,905.0,886.0,843.0,692.0,839.5,646.5,280.5,1151.5,818.5,562.0,796.0,304.5,823.0,819.0,602.5,829.0,791.5,879.0,848.5,0.0,681.5,1039.0,540.5,303.0,636.0,919.5,307.0,865.5,622.5,602.5,838.0,261.5,749.5,290.0,320.5
973.0,307.5,598.0,826.0,932.5,1081.0,1093.5,1008.5,304.5,982.0,255.0,543.0,1119.0,978.5,332.0,996.0,822.0,966.0,1001.5,257.5,1013.5,960.0,1080.5,1020.5,681.5,0.0,1006.5,355.0,612.0,249.5,1158.5,614.5,1070.5,313.0,291.0,1033.0,616.0,923.0,692.5,766.5
914.5,928.5,1028.5,1330.5,871.5,1037.0,1028.0,949.5,993.0,930.0,950.0,1064.0,211.5,926.0,785.5,935.0,1200.5,808.0,948.0,1037.5,921.5,902.5,1032.5,956.5,1039.0,1006.5,0.0,943.0,1110.5,1042.5,1099.0,905.0,1004.0,764.0,886.0,976.0,953.5,816.0,1197.5,1266.5
889.5,215.5,524.0,740.0,855.5,1003.0,1010.0,927.5,340.5,902.0,331.0,439.0,1055.5,894.5,209.0,911.0,672.5,893.0,919.0,374.0,942.0,880.5,996.0,937.5,540.5,355.0,943.0,0.0,513.5,338.5,1073.0,550.0,987.5,404.5,334.5,948.0,475.0,851.5,579.0,665.5
914.0,505.0,245.5,424.0,884.5,1021.5,992.5,943.5,638.0,933.5,622.5,276.5,1223.0,911.0,556.5,909.0,404.0,940.5,922.0,529.5,946.0,891.5,995.5,947.5,303.0,612.0,1110.5,513.5,0.0,556.5,1052.5,430.5,981.5,629.0,554.5,949.5,374.0,866.0,222.0,342.0
999.0,287.5,575.0,801.5,963.0,1114.0,1117.5,1042.0,269.5,1010.0,280.5,532.5,1155.0,1006.0,390.5,1020.5,810.5,998.0,1031.5,195.0,1044.5,991.5,1115.0,1043.5,636.0,249.5,1042.5,338.5,556.5,0.0,1180.0,648.0,1098.0,340.0,282.0,1060.5,620.5,950.0,631.5,747.5
274.0,1096.0,925.0,1148.0,301.0,199.0,189.0,252.5,1218.5,268.5,1142.0,967.5,1211.5,256.5,952.0,239.5,974.5,348.5,239.5,1173.5,240.5,266.0,196.0,233.5,919.5,1158.5,1099.0,1073.0,1052.5,1180.0,0.0,792.0,212.5,973.5,1107.0,208.5,781.0,325.5,1114.0,1045.0
663.0,526.0,311.0,505.5,641.5,756.5,765.0,698.0,669.5,679.0,619.5,354.0,1017.5,664.0,513.0,650.5,409.5,679.0,678.5,608.5,673.5,645.5,738.5,707.0,307.0,614.5,905.0,550.0,430.5,648.0,792.0,0.0,731.5,503.5,563.0,707.5,269.0,602.0,428.0,440.0
202.0,1004.5,859.5,1115.0,229.5,209.5,158.5,169.0,1129.0,192.0,1051.5,919.0,1116.5,187.0,863.0,172.0,958.5,265.0,198.0,1094.0,196.5,195.5,145.0,191.0,865.5,1070.5,1004.0,987.5,981.5,1098.0,212.5,731.5,0.0,878.5,1023.5,174.5,744.0,228.0,1051.5,1025.0
784.5,322.0,550.5,802.5,741.5,901.0,899.5,821.0,369.5,796.5,332.0,547.5,876.5,794.0,340.0,804.0,755.0,734.5,819.5,339.5,812.5,769.0,900.5,824.0,622.5,313.0,764.0,404.5,629.0,340.0,973.5,503.5,878.5,0.0,250.5,847.0,535.0,715.5,699.5,761.0
930.0,212.0,555.0,798.5,890.5,1043.5,1047.5,968.0,224.5,942.5,224.0,510.0,998.5,941.5,291.0,948.0,774.5,868.5,963.5,291.5,963.5,919.5,1046.0,974.5,602.5,291.0,886.0,334.5,554.5,282.0,1107.0,563.0,1023.5,250.5,0.0,995.0,573.5,858.0,638.0,732.5
175.0,974.0,825.5,1087.0,199.5,168.5,154.0,150.5,1097.0,167.0,1020.5,870.0,1088.5,149.5,827.5,151.0,918.0,264.5,155.5,1060.5,148.5,177.5,149.0,149.5,838.0,1033.0,976.0,948.0,949.5,1060.5,208.5,707.5,174.5,847.0,995.0,0.0,700.0,229.5,1027.5,992.5
685.0,525.5,281.5,489.0,660.5,753.5,750.0,699.0,652.0,701.5,606.0,282.5,1066.0,668.0,482.5,658.5,394.0,748.0,672.0,584.5,701.0,662.5,733.5,708.5,261.5,616.0,953.5,475.0,374.0,620.5,781.0,269.0,744.0,535.0,573.5,700.0,0.0,646.0,412.5,396.5
147.0,862.5,747.0,1014.0,145.5,266.5,265.0,176.5,965.0,203.5,891.0,791.5,928.5,174.0,713.5,194.5,851.0,161.0,180.5,954.5,175.0,163.0,264.5,195.5,749.5,923.0,816.0,851.5,866.0,950.0,325.5,602.0,228.0,715.5,858.0,229.5,646.0,0.0,937.0,938.5
993.5,571.0,299.0,308.5,969.0,1094.5,1070.5,1013.0,695.0,1018.5,678.0,330.0,1310.0,993.0,650.0,986.0,357.0,1012.0,1006.5,609.5,1014.0,972.5,1068.0,1024.0,290.0,692.5,1197.5,579.0,222.0,631.5,1114.0,428.0,1051.5,699.5,638.0,1027.5,412.5,937.0,0.0,271.5
977.0,676.5,318.5,281.5,953.0,1035.5,1045.0,993.0,805.0,997.0,775.0,330.5,1379.0,966.5,715.5,947.0,264.0,1026.0,962.0,703.5,991.0,943.5,1023.5,999.0,320.5,766.5,1266.5,665.5,342.0,747.5,1045.0,440.0,1025.0,761.0,732.5,992.5,396.5,938.5,271.5,0.0
